300
50 300
700 258

150 500
415 180
650 300

32
10 245 5 100
10 245 100 5
10 345 100 5
110 245 5 30

110 270 140 5
180 270 5 210
110 345 5 190
110 535 140 5
250 315 5 225

250 270 100 5
250 315 150 5
350 225 5 50
400 165 5 155
150 225 200 5
210 165 190 5
150 105 5 120
150 105 500 5

400 165 190 5
650 105 5 125
450 225 200 5
450 225 5 45
450 270 100 5
400 315 150 5

550 270 140 5
620 270 5 210
690 350 5 190
550 535 140 5
550 315 5 225

785 245 5 100
690 245 100 5
690 345 100 5
690 245 5 30